dog
 0.010767071619665804 0.003190649532915223 0.00416648392614359 0.003969124161220999
dog
 0.027200685371599913 0.016920111372884985 0.014564146498179482 0.017134289997858213
cat 0.03769543799528807 0.021096594559862927 0.00642535874919683 0.0074962518740629685
cat 0.02094317516110135 0.01091095489162273 0.025483304042179262 0.02123608670181605
cat
 0.001995621209452148 0.003492966253114226 0.00324634471651106 0.0036338928454588922
dog 0.007163954576308499 0.007301546533599956 0.014034379643728558 0.011777871544148673
dog
 0.002704186913399454 0.0020135791785928243 0.0019137322771749983 0.0020635026293017375
cat
 0.004825933568528257 0.0030786127937163016 0.0014644212207947814 0.0012647274179591293
dog 0.0017686840230144462 0.000783546040303174 0.0005959007102629317 0.0006035079533726713
cat 0.001433965326185906 0.0008291894989616113 0.00036261192156425204 0.0004462915957713871
